211
111211
   111211
      111211
         111211
            111211
               111211
                  111211
                     111211
                        111211
                           111211
                              111211
                                 111211
                                    111211
                                       111211
                                          111211
                                             111211
                                                111211
                                                   111211
                                                      111211
                                                         111211
                                                            111211
                                                               111211
                                                                  111211
                                                                     111211
                                                                        111211
                                                                           111211
                                                                              111211
                                                                                 111211
                                                                                    111211
                                                                                       111211
                                                                                          111211
                                                                                             111211
                                                                                                111211
                                                                                                   111211
                                                                                                      111211
                                                                                                         111211
                                                                                                            111211
                                                                                                               111211
                                                                                                                  111211
                                                                                                                     111211
                                                                                                                        111211
                                                                                                                           111211
                                                                                                                              111211
                                                                                                                                 111211
                                                                                                                                    111211
                                                                                                                                       111211
                                                                                                                                          111211
                                                                                                                                             111211
                                                                                                                                                111211
                                                                                                                                                   111211
                                                                                                                                                      111211
                                                                                                                                                         111211
                                                                                                                                                            111211
                                                                                                                                                               111